20 0.75000000 -2 58
20 0.75000000 9 43
20 0.75000000 6 72
20 0.75000000 3 15
20 0.75000000 8 -96
20 0.75000000 7 24
20 0.75000000 5 61
20 0.75000000 4 37
20 0.75000000 1 89
20 0.75000000 2 74
20 0.75000000 9 36
20 0.75000000 6 82
20 0.75000000 3 29
20 0.75000000 8 51
20 0.75000000 -7 93
20 0.75000000 5 46
20 0.75000000 4 68
20 0.75000000 1 27
20 0.75000000 2 10
20 0.75000000 9 75
20 0.75000000 6 38
20 0.75000000 3 82
20 0.75000000 8 49
20 0.75000000 7 61
20 0.75000000 5 13
20 0.75000000 -4 97
20 0.75000000 1 56
20 0.75000000 2 41
20 0.75000000 9 83
20 0.75000000 6 25
20 0.75000000 3 79
20 0.75000000 8 14
20 0.75000000 7 36
20 0.75000000 5 92
20 0.75000000 4 -18
20 0.75000000 1 67
20 0.75000000 2 50
20 0.75000000 9 24
20 0.75000000 6 71
20 0.75000000 3 49
20 0.75000000 8 15
20 0.75000000 7 82
20 0.75000000 5 36
20 0.75000000 4 60
20 0.75000000 1 29